"Litros"
5.335
5.162
2.472
3.943
6.158
6.713
4.027
5.377
3.272
6.636
7.396
3.746
4.803
1.929
16.196
4.891
5.686
2.676
7.674
6.706
4.193
4.425
3.061
5.134
4.921
2.686
3.915
3.431
5.499
6.634
3.492
2.717
2.345
6.214
6.437
2.789
5.597
4.108
8.188
2.659
4.755
4.761
4.114
3.994
5.812
9.461
5.048
1.748
5.572
5.099
4.591
3.817
4.699
4.864
6.347
8.669
1.595
5.557
1.865
16.368
7.062
5.554
2.395
10.748
4.884
2.589
5.066
2.921
9.268
5.673
11.047
4.59
2.987
2.998
3.852
3.443
2.647
2.643
2.98
6.223
2.746
5.738
6.787
4.063
3.841
2.803
1.592
6.133
6.817
5.084
3.041
10.267
3.862
3.375
12.386
12.126
5.249
5.33
4.125
4.722
